1: start=23 extras=20 states=236 meaningful=6 bins=5/1/0 p25=1.0 gap=20 turns=29 run=5 score=218.3 path=23,24,31,32,39,38,37,30,29,36,35,28,21,14,7,0,1,8,9,2,3,10,11,4,5,6,13,12,19,20,27,34,41,40,33,26,25,18,17,16,15,22
2: start=25 extras=22 states=1015 meaningful=5 bins=4/1/0 p25=1.0 gap=20 turns=30 run=5 score=222.7 path=25,32,39,38,31,30,37,36,35,28,29,22,21,14,15,8,7,0,1,2,9,10,3,4,11,12,5,6,13,20,27,34,41,40,33,26,19,18,17,24,23,16
3: start=24 extras=21 states=519 meaningful=5 bins=4/1/0 p25=1.0 gap=18 turns=25 run=6 score=233.5 path=24,17,16,23,22,15,14,21,28,35,36,29,30,37,38,39,40,41,34,33,26,27,20,19,12,13,6,5,4,3,2,1,0,7,8,9,10,11,18,25,32,31
4: start=16 extras=20 states=336 meaningful=6 bins=5/1/0 p25=3.0 gap=19 turns=28 run=5 score=234.8 path=16,15,8,9,10,3,2,1,0,7,14,21,22,29,28,35,36,37,30,31,38,39,32,33,40,41,34,27,20,13,6,5,4,11,12,19,26,25,18,17,24,23
5: start=25 extras=21 states=357 meaningful=5 bins=3/2/0 p25=3.0 gap=15 turns=28 run=4 score=246.6 path=25,26,19,18,11,12,13,20,27,34,41,40,33,32,39,38,31,30,37,36,35,28,29,22,21,14,15,8,7,0,1,2,9,16,23,24,17,10,3,4,5,6
6: start=18 extras=22 states=416 meaningful=5 bins=4/1/0 p25=3.0 gap=18 turns=30 run=3 score=249.9 path=18,17,24,23,30,31,38,39,32,25,26,33,40,41,34,27,20,19,12,13,6,5,4,11,10,3,2,9,16,15,8,1,0,7,14,21,22,29,28,35,36,37
7: start=23 extras=19 states=803 meaningful=5 bins=4/1/0 p25=1.0 gap=19 turns=27 run=4 score=250.6 path=23,30,29,22,15,16,9,2,3,10,17,18,11,4,5,6,13,12,19,20,27,26,33,34,41,40,39,32,25,24,31,38,37,36,35,28,21,14,7,8,1,0
8: start=17 extras=20 states=734 meaningful=6 bins=4/2/0 p25=1.0 gap=21 turns=27 run=4 score=262.1 path=17,10,11,18,19,12,5,6,13,20,27,26,33,34,41,40,39,32,25,24,23,30,31,38,37,36,35,28,29,22,21,14,15,16,9,8,7,0,1,2,3,4
9: start=17 extras=21 states=704 meaningful=7 bins=6/1/0 p25=3.0 gap=20 turns=28 run=5 score=265.1 path=17,16,9,10,3,4,11,12,5,6,13,20,27,34,41,40,33,26,19,18,25,24,31,32,39,38,37,30,23,22,29,36,35,28,21,14,15,8,7,0,1,2
10: start=24 extras=20 states=537 meaningful=7 bins=5/2/0 p25=1.0 gap=20 turns=28 run=3 score=270.7 path=24,23,30,31,38,39,32,25,26,33,40,41,34,27,20,19,12,13,6,5,4,11,18,17,10,3,2,9,16,15,8,1,0,7,14,21,22,29,28,35,36,37
11: start=25 extras=21 states=567 meaningful=7 bins=6/1/0 p25=3.0 gap=19 turns=26 run=6 score=272.6 path=25,18,19,26,27,20,13,6,5,12,11,4,3,10,9,2,1,8,15,16,17,24,23,30,31,32,33,34,41,40,39,38,37,36,35,28,29,22,21,14,7,0
12: start=24 extras=22 states=558 meaningful=7 bins=6/1/0 p25=5.5 gap=21 turns=30 run=3 score=273.7 path=24,25,18,19,12,11,4,3,10,17,16,9,2,1,0,7,8,15,14,21,22,23,30,29,28,35,36,37,38,31,32,39,40,41,34,33,26,27,20,13,6,5
13: start=16 extras=20 states=552 meaningful=5 bins=3/2/0 p25=2.3 gap=20 turns=30 run=3 score=275.4 path=16,15,8,9,2,1,0,7,14,21,22,29,28,35,36,37,30,31,38,39,32,25,26,33,40,41,34,27,20,19,12,13,6,5,4,3,10,11,18,17,24,23
14: start=25 extras=22 states=690 meaningful=6 bins=5/1/0 p25=3.0 gap=18 turns=29 run=3 score=278.0 path=25,32,31,24,17,16,23,22,29,30,37,36,35,28,21,14,15,8,7,0,1,2,9,10,3,4,5,6,13,12,11,18,19,20,27,26,33,34,41,40,39,38
15: start=18 extras=21 states=566 meaningful=6 bins=4/2/0 p25=3.0 gap=15 turns=32 run=3 score=290.5 path=18,19,12,11,4,5,6,13,20,27,26,33,34,41,40,39,32,31,38,37,30,29,36,35,28,21,22,15,14,7,0,1,8,9,2,3,10,17,16,23,24,25
16: start=18 extras=22 states=1051 meaningful=7 bins=6/1/0 p25=1.0 gap=20 turns=25 run=6 score=290.9 path=18,11,10,17,16,9,8,15,22,21,14,7,0,1,2,3,4,5,6,13,12,19,20,27,34,33,26,25,32,31,24,23,30,29,28,35,36,37,38,39,40,41
17: start=23 extras=21 states=593 meaningful=7 bins=5/2/0 p25=4.6 gap=21 turns=31 run=3 score=297.9 path=23,22,29,30,37,36,35,28,21,14,15,8,7,0,1,2,9,16,17,24,25,32,31,38,39,40,41,34,33,26,27,20,19,12,13,6,5,4,3,10,11,18
18: start=25 extras=22 states=1403 meaningful=6 bins=5/1/0 p25=1.0 gap=18 turns=23 run=6 score=303.9 path=25,18,17,24,31,30,37,38,39,32,33,40,41,34,27,26,19,20,13,12,11,10,9,8,15,16,23,22,29,36,35,28,21,14,7,0,1,2,3,4,5,6
19: start=25 extras=22 states=695 meaningful=9 bins=8/1/0 p25=4.0 gap=21 turns=29 run=5 score=310.6 path=25,26,19,18,11,12,5,4,3,10,9,2,1,0,7,8,15,14,21,22,29,28,35,36,37,30,23,16,17,24,31,38,39,32,33,40,41,34,27,20,13,6
20: start=16 extras=20 states=797 meaningful=7 bins=5/2/0 p25=1.0 gap=15 turns=25 run=6 score=312.1 path=16,9,10,17,18,11,12,13,6,5,4,3,2,1,0,7,8,15,14,21,22,23,30,31,24,25,32,33,26,19,20,27,34,41,40,39,38,37,36,35,28,29
21: start=16 extras=21 states=565 meaningful=8 bins=7/1/0 p25=1.0 gap=17 turns=26 run=3 score=313.5 path=16,9,8,15,22,23,30,29,28,35,36,37,38,31,32,39,40,41,34,33,26,27,20,19,12,13,6,5,4,11,18,25,24,17,10,3,2,1,0,7,14,21
22: start=25 extras=19 states=270 meaningful=8 bins=6/2/0 p25=6.0 gap=17 turns=26 run=3 score=315.9 path=25,26,33,32,39,40,41,34,27,20,19,18,11,12,13,6,5,4,3,10,9,16,17,24,23,22,29,30,31,38,37,36,35,28,21,14,15,8,7,0,1,2
23: start=25 extras=23 states=551 meaningful=7 bins=6/1/0 p25=8.0 gap=20 turns=33 run=3 score=320.4 path=25,18,19,12,11,4,5,6,13,20,27,26,33,34,41,40,39,32,31,38,37,30,29,36,35,28,21,22,15,14,7,0,1,8,9,2,3,10,17,16,23,24
24: start=24 extras=23 states=730 meaningful=7 bins=5/2/0 p25=1.0 gap=20 turns=26 run=4 score=321.3 path=24,31,32,33,26,27,34,41,40,39,38,37,30,29,36,35,28,21,22,23,16,17,10,9,8,15,14,7,0,1,2,3,4,11,12,5,6,13,20,19,18,25
25: start=16 extras=22 states=961 meaningful=6 bins=3/3/0 p25=3.0 gap=15 turns=32 run=3 score=321.8 path=16,15,8,9,2,3,10,11,4,5,6,13,12,19,20,27,26,33,34,41,40,39,32,25,18,17,24,23,30,31,38,37,36,35,28,29,22,21,14,7,0,1
26: start=23 extras=22 states=711 meaningful=7 bins=5/2/0 p25=5.5 gap=18 turns=32 run=3 score=323.8 path=23,22,15,14,21,28,35,36,29,30,37,38,31,32,39,40,41,34,33,26,27,20,19,12,13,6,5,4,11,10,3,2,1,0,7,8,9,16,17,18,25,24
27: start=23 extras=22 states=715 meaningful=7 bins=5/2/0 p25=1.0 gap=16 turns=31 run=4 score=324.1 path=23,16,15,8,9,2,1,0,7,14,21,22,29,28,35,36,37,38,39,32,33,40,41,34,27,26,19,20,13,6,5,12,11,4,3,10,17,18,25,24,31,30
28: start=23 extras=20 states=313 meaningful=8 bins=5/2/1 p25=6.0 gap=14 turns=30 run=5 score=331.1 path=23,22,15,16,9,8,1,0,7,14,21,28,35,36,29,30,37,38,31,32,39,40,41,34,33,26,27,20,19,12,13,6,5,4,11,18,25,24,17,10,3,2
29: start=23 extras=23 states=963 meaningful=9 bins=8/1/0 p25=8.0 gap=18 turns=30 run=4 score=364.2 path=23,30,31,24,25,18,19,26,27,34,41,40,33,32,39,38,37,36,35,28,29,22,21,14,7,0,1,8,15,16,17,10,9,2,3,4,11,12,5,6,13,20
30: start=24 extras=23 states=879 meaningful=9 bins=7/1/1 p25=3.0 gap=18 turns=30 run=3 score=387.4 path=24,23,16,15,8,9,2,1,0,7,14,21,22,29,28,35,36,37,30,31,38,39,32,33,40,41,34,27,20,19,26,25,18,17,10,11,12,13,6,5,4,3
31: start=17 extras=22 states=1114 meaningful=10 bins=9/1/0 p25=7.7 gap=21 turns=29 run=5 score=389.7 path=17,16,23,22,29,30,37,36,35,28,21,14,15,8,7,0,1,2,9,10,3,4,5,12,11,18,19,26,25,24,31,38,39,32,33,40,41,34,27,20,13,6
